filename,Blurry,Good,Opaque,Yellow
PI251672_C04_R05.czi_ScanRegion10_half_1_patch_5_tile_3_patchsize1152_tile576.png,0.1256,0.7305,0.0868,0.0571
PI251672_C04_R05.czi_ScanRegion16_half_1_patch_5_tile_3_patchsize1152_tile576.png,0.1363,0.7394,0.0709,0.0534
PI251672_C04_R05.czi_ScanRegion19_half_1_patch_2_tile_2_patchsize1152_tile576.png,0.8203,0.1134,0.0369,0.0294
PI251672_C04_R05.czi_ScanRegion19_half_1_patch_3_tile_1_patchsize1152_tile576.png,0.1136,0.7088,0.1130,0.0647
PI251672_C04_R05.czi_ScanRegion19_half_1_patch_4_tile_1_patchsize1152_tile576.png,0.2693,0.5877,0.0939,0.0490
PI251672_C04_R05.czi_ScanRegion19_half_1_patch_4_tile_2_patchsize1152_tile576.png,0.1173,0.7120,0.1132,0.0574
PI251672_C04_R05.czi_ScanRegion19_half_1_patch_5_tile_1_patchsize1152_tile576.png,0.1918,0.6511,0.1068,0.0503
PI251672_C04_R05.czi_ScanRegion19_half_1_patch_7_tile_4_patchsize1152_tile576.png,0.3013,0.5842,0.0692,0.0453
PI251672_C04_R05.czi_ScanRegion19_half_2_patch_7_tile_4_patchsize1152_tile576.png,0.7889,0.1267,0.0426,0.0419
PI251672_C04_R05.czi_ScanRegion19_half_2_patch_8_tile_3_patchsize1152_tile576.png,0.5225,0.3771,0.0621,0.0382
PI251672_C04_R05.czi_ScanRegion1_half_1_patch_5_tile_3_patchsize1152_tile576.png,0.7460,0.1657,0.0415,0.0469
PI251672_C04_R05.czi_ScanRegion20_half_2_patch_5_tile_3_patchsize1152_tile576.png,0.1471,0.7251,0.0746,0.0532
PI251672_C04_R05.czi_ScanRegion25_half_2_patch_2_tile_2_patchsize1152_tile576.png,0.3297,0.5638,0.0501,0.0565
PI251672_C04_R05.czi_ScanRegion27_half_1_patch_6_tile_3_patchsize1152_tile576.png,0.1210,0.7368,0.0865,0.0557
PI251672_C04_R05.czi_ScanRegion27_half_2_patch_4_tile_2_patchsize1152_tile576.png,0.1521,0.7245,0.0692,0.0542
PI251672_C04_R05.czi_ScanRegion27_half_2_patch_5_tile_3_patchsize1152_tile576.png,0.6743,0.2411,0.0413,0.0432
PI251672_C04_R05.czi_ScanRegion27_half_2_patch_5_tile_4_patchsize1152_tile576.png,0.1216,0.7469,0.0701,0.0614
PI251672_C04_R05.czi_ScanRegion3_half_2_patch_3_tile_3_patchsize1152_tile576.png,0.5883,0.3197,0.0466,0.0455
PI251672_C04_R05.czi_ScanRegion3_half_2_patch_3_tile_4_patchsize1152_tile576.png,0.5234,0.3865,0.0414,0.0486
PI251672_C04_R05.czi_ScanRegion5_half_1_patch_5_tile_4_patchsize1152_tile576.png,0.1455,0.6963,0.0646,0.0935
PI251672_C04_R05.czi_ScanRegion5_half_1_patch_6_tile_3_patchsize1152_tile576.png,0.1171,0.7437,0.0925,0.0468
PI251672_C04_R05.czi_ScanRegion5_half_2_patch_2_tile_1_patchsize1152_tile576.png,0.1555,0.6957,0.0674,0.0813
PI251672_C04_R05.czi_ScanRegion5_half_2_patch_2_tile_2_patchsize1152_tile576.png,0.1100,0.7382,0.0768,0.0750
PI251672_C04_R05.czi_ScanRegion5_half_2_patch_3_tile_1_patchsize1152_tile576.png,0.0882,0.7562,0.0706,0.0851
PI251672_C04_R05.czi_ScanRegion5_half_2_patch_3_tile_4_patchsize1152_tile576.png,0.0969,0.7565,0.0821,0.0644
PI251672_C04_R05.czi_ScanRegion7_half_1_patch_3_tile_3_patchsize1152_tile576.png,0.2995,0.5923,0.0451,0.0631
PI251672_C04_R05.czi_ScanRegion8_half_2_patch_4_tile_1_patchsize1152_tile576.png,0.2459,0.6472,0.0528,0.0540
PI251672_C04_R05.czi_ScanRegion9_half_1_patch_7_tile_4_patchsize1152_tile576.png,0.2337,0.6160,0.0492,0.1011
PI251672_C04_R05_mask.png,0.9190,0.0297,0.0293,0.0221
PI329506_C07_R20.czi_ScanRegion0_half_2_patch_3_tile_4_patchsize1152_tile576.png,0.1299,0.7304,0.0849,0.0548
PI329506_C07_R20.czi_ScanRegion0_half_2_patch_4_tile_3_patchsize1152_tile576.png,0.1516,0.6251,0.1089,0.1144
PI329506_C07_R20.czi_ScanRegion0_half_2_patch_5_tile_3_patchsize1152_tile576.png,0.8245,0.0462,0.0770,0.0524
PI329506_C07_R20.czi_ScanRegion10_half_1_patch_5_tile_4_patchsize1152_tile576.png,0.1162,0.7413,0.0847,0.0578
PI329506_C07_R20.czi_ScanRegion10_half_1_patch_6_tile_1_patchsize1152_tile576.png,0.1358,0.0351,0.7689,0.0602
PI329506_C07_R20.czi_ScanRegion10_half_1_patch_6_tile_3_patchsize1152_tile576.png,0.1229,0.2416,0.5002,0.1353
PI329506_C07_R20.czi_ScanRegion10_half_1_patch_6_tile_4_patchsize1152_tile576.png,0.1689,0.3097,0.4035,0.1179
PI329506_C07_R20.czi_ScanRegion10_half_2_patch_7_tile_3_patchsize1152_tile576.png,0.1366,0.7128,0.0779,0.0727
PI329506_C07_R20.czi_ScanRegion11_half_1_patch_3_tile_2_patchsize1152_tile576.png,0.3619,0.0317,0.5641,0.0423
PI329506_C07_R20.czi_ScanRegion11_half_1_patch_4_tile_1_patchsize1152_tile576.png,0.1209,0.0189,0.8165,0.0438
PI329506_C07_R20.czi_ScanRegion11_half_1_patch_4_tile_2_patchsize1152_tile576.png,0.1857,0.4158,0.3369,0.0615
PI329506_C07_R20.czi_ScanRegion11_half_1_patch_4_tile_4_patchsize1152_tile576.png,0.1184,0.7351,0.0882,0.0583
PI329506_C07_R20.czi_ScanRegion11_half_1_patch_5_tile_1_patchsize1152_tile576.png,0.2164,0.2981,0.4143,0.0713
PI329506_C07_R20.czi_ScanRegion11_half_1_patch_5_tile_2_patchsize1152_tile576.png,0.1214,0.6978,0.1161,0.0647
PI329506_C07_R20.czi_ScanRegion11_half_1_patch_5_tile_3_patchsize1152_tile576.png,0.1500,0.0441,0.7746,0.0313
PI329506_C07_R20.czi_ScanRegion11_half_1_patch_5_tile_4_patchsize1152_tile576.png,0.1356,0.0210,0.8096,0.0337
PI329506_C07_R20.czi_ScanRegion11_half_1_patch_6_tile_1_patchsize1152_tile576.png,0.1172,0.7080,0.1137,0.0611
PI329506_C07_R20.czi_ScanRegion11_half_1_patch_6_tile_3_patchsize1152_tile576.png,0.6122,0.2850,0.0707,0.0320
PI329506_C07_R20.czi_ScanRegion11_half_1_patch_7_tile_3_patchsize1152_tile576.png,0.9439,0.0120,0.0283,0.0158
PI329506_C07_R20.czi_ScanRegion11_half_2_patch_3_tile_4_patchsize1152_tile576.png,0.1630,0.7002,0.0784,0.0585
PI329506_C07_R20.czi_ScanRegion11_half_2_patch_4_tile_3_patchsize1152_tile576.png,0.8672,0.0727,0.0358,0.0243
PI329506_C07_R20.czi_ScanRegion12_half_1_patch_2_tile_3_patchsize1152_tile576.png,0.9383,0.0167,0.0276,0.0174
PI329506_C07_R20.czi_ScanRegion12_half_1_patch_2_tile_4_patchsize1152_tile576.png,0.9104,0.0258,0.0443,0.0196
PI329506_C07_R20.czi_ScanRegion12_half_1_patch_4_tile_1_patchsize1152_tile576.png,0.1294,0.6497,0.1611,0.0598
PI329506_C07_R20.czi_ScanRegion12_half_1_patch_5_tile_3_patchsize1152_tile576.png,0.6091,0.2447,0.0916,0.0546
PI329506_C07_R20.czi_ScanRegion12_half_1_patch_5_tile_4_patchsize1152_tile576.png,0.5239,0.2874,0.0587,0.1300
PI329506_C07_R20.czi_ScanRegion12_half_2_patch_4_tile_3_patchsize1152_tile576.png,0.9252,0.0267,0.0280,0.0201
PI329506_C07_R20.czi_ScanRegion12_half_2_patch_4_tile_4_patchsize1152_tile576.png,0.7150,0.2091,0.0396,0.0363
PI329506_C07_R20.czi_ScanRegion15_half_2_patch_3_tile_4_patchsize1152_tile576.png,0.1558,0.7004,0.0762,0.0676
PI329506_C07_R20.czi_ScanRegion17_half_2_patch_6_tile_4_patchsize1152_tile576.png,0.2406,0.6548,0.0515,0.0531
PI329506_C07_R20.czi_ScanRegion19_half_1_patch_7_tile_4_patchsize1152_tile576.png,0.8934,0.0364,0.0491,0.0211
PI329506_C07_R20.czi_ScanRegion19_half_1_patch_8_tile_1_patchsize1152_tile576.png,0.6981,0.2105,0.0549,0.0365
PI329506_C07_R20.czi_ScanRegion1_half_1_patch_2_tile_1_patchsize1152_tile576.png,0.1224,0.6992,0.0923,0.0862
PI329506_C07_R20.czi_ScanRegion1_half_1_patch_3_tile_3_patchsize1152_tile576.png,0.8217,0.0636,0.0648,0.0499
PI329506_C07_R20.czi_ScanRegion20_half_1_patch_2_tile_4_patchsize1152_tile576.png,0.5587,0.3008,0.1083,0.0323
PI329506_C07_R20.czi_ScanRegion20_half_1_patch_4_tile_3_patchsize1152_tile576.png,0.1175,0.0535,0.7670,0.0619
PI329506_C07_R20.czi_ScanRegion20_half_1_patch_6_tile_4_patchsize1152_tile576.png,0.8677,0.0360,0.0784,0.0179
PI329506_C07_R20.czi_ScanRegion20_half_1_patch_7_tile_3_patchsize1152_tile576.png,0.9262,0.0117,0.0467,0.0155
PI329506_C07_R20.czi_ScanRegion20_half_2_patch_7_tile_4_patchsize1152_tile576.png,0.9292,0.0246,0.0250,0.0211
PI329506_C07_R20.czi_ScanRegion20_half_2_patch_8_tile_3_patchsize1152_tile576.png,0.9299,0.0210,0.0284,0.0207
PI329506_C07_R20.czi_ScanRegion21_half_1_patch_6_tile_2_patchsize1152_tile576.png,0.1490,0.5771,0.2250,0.0489
PI329506_C07_R20.czi_ScanRegion21_half_1_patch_6_tile_3_patchsize1152_tile576.png,0.1368,0.7113,0.0832,0.0687
PI329506_C07_R20.czi_ScanRegion21_half_1_patch_7_tile_1_patchsize1152_tile576.png,0.1747,0.6867,0.0807,0.0578
PI329506_C07_R20.czi_ScanRegion21_half_1_patch_7_tile_2_patchsize1152_tile576.png,0.1678,0.6544,0.1242,0.0536
PI329506_C07_R20.czi_ScanRegion21_half_2_patch_5_tile_4_patchsize1152_tile576.png,0.1150,0.6950,0.1162,0.0739
PI329506_C07_R20.czi_ScanRegion21_half_2_patch_6_tile_3_patchsize1152_tile576.png,0.2027,0.6683,0.0697,0.0593
PI329506_C07_R20.czi_ScanRegion21_half_2_patch_6_tile_4_patchsize1152_tile576.png,0.4557,0.2138,0.3011,0.0294
PI329506_C07_R20.czi_ScanRegion22_half_1_patch_4_tile_2_patchsize1152_tile576.png,0.1452,0.6778,0.1201,0.0569
PI329506_C07_R20.czi_ScanRegion22_half_1_patch_5_tile_1_patchsize1152_tile576.png,0.1986,0.1187,0.6471,0.0356
PI329506_C07_R20.czi_ScanRegion22_half_1_patch_6_tile_3_patchsize1152_tile576.png,0.1276,0.0679,0.7636,0.0410
PI329506_C07_R20.czi_ScanRegion22_half_1_patch_7_tile_4_patchsize1152_tile576.png,0.1965,0.6644,0.0742,0.0648
PI329506_C07_R20.czi_ScanRegion22_half_1_patch_8_tile_3_patchsize1152_tile576.png,0.2346,0.0984,0.6094,0.0575
PI329506_C07_R20.czi_ScanRegion22_half_2_patch_2_tile_2_patchsize1152_tile576.png,0.1370,0.7044,0.1048,0.0539
PI329506_C07_R20.czi_ScanRegion22_half_2_patch_2_tile_3_patchsize1152_tile576.png,0.5585,0.2222,0.1788,0.0405
PI329506_C07_R20.czi_ScanRegion22_half_2_patch_4_tile_3_patchsize1152_tile576.png,0.6187,0.1298,0.2243,0.0272
PI329506_C07_R20.czi_ScanRegion22_half_2_patch_6_tile_3_patchsize1152_tile576.png,0.8525,0.0605,0.0690,0.0180
PI329506_C07_R20.czi_ScanRegion22_half_2_patch_6_tile_4_patchsize1152_tile576.png,0.8046,0.0882,0.0857,0.0215
PI329506_C07_R20.czi_ScanRegion22_half_2_patch_7_tile_1_patchsize1152_tile576.png,0.6584,0.2154,0.0916,0.0346
PI329506_C07_R20.czi_ScanRegion23_half_2_patch_3_tile_4_patchsize1152_tile576.png,0.8937,0.0493,0.0284,0.0285
PI329506_C07_R20.czi_ScanRegion23_half_2_patch_4_tile_2_patchsize1152_tile576.png,0.1822,0.5558,0.1376,0.1244
PI329506_C07_R20.czi_ScanRegion24_half_2_patch_1_tile_4_patchsize1152_tile576.png,0.2090,0.6557,0.0624,0.0729
PI329506_C07_R20.czi_ScanRegion2_half_2_patch_2_tile_3_patchsize1152_tile576.png,0.1508,0.6982,0.1029,0.0480
PI329506_C07_R20.czi_ScanRegion3_half_2_patch_3_tile_4_patchsize1152_tile576.png,0.3723,0.5254,0.0589,0.0434
PI329506_C07_R20.czi_ScanRegion3_half_2_patch_4_tile_3_patchsize1152_tile576.png,0.9095,0.0215,0.0437,0.0252
PI329506_C07_R20.czi_ScanRegion4_half_2_patch_4_tile_4_patchsize1152_tile576.png,0.8207,0.1030,0.0355,0.0407
PI329506_C07_R20.czi_ScanRegion5_half_1_patch_5_tile_3_patchsize1152_tile576.png,0.2301,0.6371,0.0811,0.0517
PI329506_C07_R20.czi_ScanRegion5_half_1_patch_5_tile_4_patchsize1152_tile576.png,0.1265,0.7352,0.0721,0.0662
PI329506_C07_R20.czi_ScanRegion5_half_2_patch_1_tile_4_patchsize1152_tile576.png,0.3238,0.3543,0.2926,0.0294
PI329506_C07_R20.czi_ScanRegion6_half_1_patch_3_tile_3_patchsize1152_tile576.png,0.3020,0.5423,0.0796,0.0761
PI329506_C07_R20.czi_ScanRegion6_half_1_patch_3_tile_4_patchsize1152_tile576.png,0.1599,0.7058,0.0720,0.0624
PI329506_C07_R20.czi_ScanRegion7_half_1_patch_3_tile_3_patchsize1152_tile576.png,0.9322,0.0164,0.0332,0.0182
PI329506_C07_R20.czi_ScanRegion7_half_1_patch_3_tile_4_patchsize1152_tile576.png,0.9524,0.0054,0.0283,0.0139
PI329506_C07_R20.czi_ScanRegion7_half_1_patch_6_tile_4_patchsize1152_tile576.png,0.4621,0.3336,0.1599,0.0444
PI329506_C07_R20.czi_ScanRegion7_half_2_patch_4_tile_4_patchsize1152_tile576.png,0.5809,0.2493,0.1457,0.0242
PI329506_C07_R20.czi_ScanRegion7_half_2_patch_6_tile_3_patchsize1152_tile576.png,0.8746,0.0227,0.0780,0.0247
PI329506_C07_R20.czi_ScanRegion8_half_2_patch_4_tile_3_patchsize1152_tile576.png,0.2599,0.5947,0.0886,0.0569
PI329506_C07_R20.czi_ScanRegion8_half_2_patch_7_tile_2_patchsize1152_tile576.png,0.8022,0.0650,0.1125,0.0203
PI329506_C07_R20.czi_ScanRegion9_half_1_patch_2_tile_3_patchsize1152_tile576.png,0.3197,0.0842,0.5626,0.0336
PI329506_C07_R20.czi_ScanRegion9_half_2_patch_5_tile_3_patchsize1152_tile576.png,0.9338,0.0174,0.0288,0.0201
PI329541_C13_R10.czi_ScanRegion10_half_2_patch_2_tile_4_patchsize1152_tile576.png,0.1177,0.6966,0.0645,0.1212
PI329541_C13_R10.czi_ScanRegion13_half_2_patch_3_tile_2_patchsize1152_tile576.png,0.1902,0.6767,0.0750,0.0580
PI329541_C13_R10.czi_ScanRegion13_half_2_patch_4_tile_3_patchsize1152_tile576.png,0.1843,0.6691,0.0676,0.0790
PI329541_C13_R10.czi_ScanRegion13_half_2_patch_4_tile_4_patchsize1152_tile576.png,0.1476,0.6924,0.0916,0.0685
PI329541_C13_R10.czi_ScanRegion13_half_2_patch_5_tile_2_patchsize1152_tile576.png,0.1285,0.7173,0.0974,0.0567
PI329541_C13_R10.czi_ScanRegion13_half_2_patch_6_tile_1_patchsize1152_tile576.png,0.1452,0.7231,0.0751,0.0567
PI329541_C13_R10.czi_ScanRegion17_half_2_patch_1_tile_4_patchsize1152_tile576.png,0.1558,0.7149,0.0783,0.0510
PI329541_C13_R10.czi_ScanRegion18_half_2_patch_3_tile_1_patchsize1152_tile576.png,0.1222,0.7390,0.0719,0.0670
PI329541_C13_R10.czi_ScanRegion18_half_2_patch_3_tile_3_patchsize1152_tile576.png,0.5264,0.3857,0.0397,0.0482
PI329541_C13_R10.czi_ScanRegion18_half_2_patch_7_tile_4_patchsize1152_tile576.png,0.1135,0.7374,0.0866,0.0625
PI329541_C13_R10.czi_ScanRegion19_half_1_patch_2_tile_3_patchsize1152_tile576.png,0.1424,0.7069,0.0689,0.0817
PI329541_C13_R10.czi_ScanRegion19_half_1_patch_3_tile_1_patchsize1152_tile576.png,0.1228,0.7171,0.0978,0.0623
PI329541_C13_R10.czi_ScanRegion19_half_1_patch_4_tile_3_patchsize1152_tile576.png,0.1910,0.6452,0.1130,0.0508
PI329541_C13_R10.czi_ScanRegion19_half_1_patch_5_tile_3_patchsize1152_tile576.png,0.2785,0.5429,0.1311,0.0474
PI329541_C13_R10.czi_ScanRegion19_half_2_patch_3_tile_3_patchsize1152_tile576.png,0.1039,0.7482,0.0949,0.0531
PI329541_C13_R10.czi_ScanRegion20_half_1_patch_6_tile_3_patchsize1152_tile576.png,0.1689,0.2661,0.4571,0.1078
PI329541_C13_R10.czi_ScanRegion29_half_2_patch_2_tile_2_patchsize1152_tile576.png,0.1603,0.6804,0.0926,0.0666
PI329541_C13_R10.czi_ScanRegion29_half_2_patch_2_tile_4_patchsize1152_tile576.png,0.2612,0.4963,0.0900,0.1525
PI329541_C13_R10.czi_ScanRegion9_half_1_patch_1_tile_2_patchsize1152_tile576.png,0.1437,0.5550,0.1916,0.1097
PI329541_C13_R10.czi_ScanRegion9_half_2_patch_2_tile_3_patchsize1152_tile576.png,0.1426,0.7222,0.0690,0.0663
PI329584_C10_R14.czi_ScanRegion0_half_1_patch_3_tile_3_patchsize1152_tile576.png,0.6598,0.1000,0.2029,0.0372
PI329584_C10_R14.czi_ScanRegion0_half_1_patch_4_tile_4_patchsize1152_tile576.png,0.1368,0.6539,0.1345,0.0749
PI329584_C10_R14.czi_ScanRegion0_half_1_patch_5_tile_3_patchsize1152_tile576.png,0.3233,0.1793,0.4329,0.0645
PI329584_C10_R14.czi_ScanRegion0_half_1_patch_5_tile_4_patchsize1152_tile576.png,0.3530,0.5181,0.0561,0.0728
PI329584_C10_R14.czi_ScanRegion0_half_1_patch_6_tile_3_patchsize1152_tile576.png,0.1945,0.6801,0.0661,0.0593
PI329584_C10_R14.czi_ScanRegion0_half_1_patch_7_tile_3_patchsize1152_tile576.png,0.1808,0.6874,0.0722,0.0595
PI329584_C10_R14.czi_ScanRegion0_half_1_patch_8_tile_1_patchsize1152_tile576.png,0.6261,0.0635,0.2695,0.0410
PI329584_C10_R14.czi_ScanRegion0_half_2_patch_6_tile_4_patchsize1152_tile576.png,0.8774,0.0156,0.0794,0.0276
PI329584_C10_R14.czi_ScanRegion0_half_2_patch_7_tile_1_patchsize1152_tile576.png,0.9277,0.0158,0.0342,0.0224
PI329584_C10_R14.czi_ScanRegion0_half_2_patch_7_tile_3_patchsize1152_tile576.png,0.9323,0.0132,0.0350,0.0195
PI329584_C10_R14.czi_ScanRegion10_half_1_patch_5_tile_4_patchsize1152_tile576.png,0.6109,0.1222,0.2194,0.0476
PI329584_C10_R14.czi_ScanRegion10_half_1_patch_6_tile_4_patchsize1152_tile576.png,0.9059,0.0339,0.0365,0.0237
PI329584_C10_R14.czi_ScanRegion10_half_1_patch_7_tile_1_patchsize1152_tile576.png,0.2252,0.1521,0.2731,0.3497
PI329584_C10_R14.czi_ScanRegion10_half_1_patch_7_tile_2_patchsize1152_tile576.png,0.5150,0.0672,0.3797,0.0382
PI329584_C10_R14.czi_ScanRegion10_half_1_patch_7_tile_3_patchsize1152_tile576.png,0.1507,0.6488,0.1331,0.0675
PI329584_C10_R14.czi_ScanRegion10_half_1_patch_8_tile_1_patchsize1152_tile576.png,0.2149,0.0454,0.7027,0.0370
PI329584_C10_R14.czi_ScanRegion10_half_1_patch_9_tile_3_patchsize1152_tile576.png,0.1450,0.7008,0.0794,0.0748
PI329584_C10_R14.czi_ScanRegion10_half_1_patch_9_tile_4_patchsize1152_tile576.png,0.1082,0.7068,0.1027,0.0823
PI329584_C10_R14.czi_ScanRegion10_half_2_patch_10_tile_3_patchsize1152_tile576.png,0.1270,0.5535,0.2654,0.0541
PI329584_C10_R14.czi_ScanRegion10_half_2_patch_2_tile_1_patchsize1152_tile576.png,0.1031,0.0257,0.8266,0.0446
PI329584_C10_R14.czi_ScanRegion10_half_2_patch_3_tile_3_patchsize1152_tile576.png,0.9230,0.0264,0.0237,0.0269
PI329584_C10_R14.czi_ScanRegion10_half_2_patch_4_tile_1_patchsize1152_tile576.png,0.7041,0.1242,0.1338,0.0378
PI329584_C10_R14.czi_ScanRegion10_half_2_patch_4_tile_2_patchsize1152_tile576.png,0.1672,0.6405,0.1293,0.0630
PI329584_C10_R14.czi_ScanRegion10_half_2_patch_5_tile_1_patchsize1152_tile576.png,0.1608,0.6932,0.0849,0.0611
PI329584_C10_R14.czi_ScanRegion10_half_2_patch_5_tile_2_patchsize1152_tile576.png,0.1417,0.6261,0.0907,0.1415
PI329584_C10_R14.czi_ScanRegion10_half_2_patch_5_tile_3_patchsize1152_tile576.png,0.1650,0.6602,0.1172,0.0575
PI329584_C10_R14.czi_ScanRegion10_half_2_patch_5_tile_4_patchsize1152_tile576.png,0.0949,0.0301,0.8203,0.0547
PI329584_C10_R14.czi_ScanRegion10_half_2_patch_6_tile_3_patchsize1152_tile576.png,0.3897,0.4951,0.0791,0.0361
PI329584_C10_R14.czi_ScanRegion10_half_2_patch_9_tile_4_patchsize1152_tile576.png,0.1621,0.6835,0.1011,0.0533
PI329584_C10_R14.czi_ScanRegion12_half_1_patch_2_tile_4_patchsize1152_tile576.png,0.1157,0.6956,0.0806,0.1081
PI329584_C10_R14.czi_ScanRegion13_half_1_patch_5_tile_4_patchsize1152_tile576.png,0.9404,0.0112,0.0295,0.0189
PI329584_C10_R14.czi_ScanRegion13_half_1_patch_6_tile_3_patchsize1152_tile576.png,0.9387,0.0127,0.0287,0.0199
PI329584_C10_R14.czi_ScanRegion13_half_1_patch_6_tile_4_patchsize1152_tile576.png,0.9277,0.0212,0.0278,0.0233
PI329584_C10_R14.czi_ScanRegion13_half_1_patch_7_tile_3_patchsize1152_tile576.png,0.9297,0.0179,0.0285,0.0239
PI329584_C10_R14.czi_ScanRegion13_half_1_patch_7_tile_4_patchsize1152_tile576.png,0.7055,0.1949,0.0670,0.0326
PI329584_C10_R14.czi_ScanRegion13_half_1_patch_8_tile_3_patchsize1152_tile576.png,0.2461,0.6418,0.0591,0.0530
PI329584_C10_R14.czi_ScanRegion13_half_1_patch_9_tile_3_patchsize1152_tile576.png,0.8936,0.0503,0.0329,0.0231
PI329584_C10_R14.czi_ScanRegion13_half_2_patch_2_tile_1_patchsize1152_tile576.png,0.5121,0.0136,0.3979,0.0763
PI329584_C10_R14.czi_ScanRegion13_half_2_patch_2_tile_2_patchsize1152_tile576.png,0.9442,0.0080,0.0288,0.0191
PI329584_C10_R14.czi_ScanRegion13_half_2_patch_3_tile_1_patchsize1152_tile576.png,0.9355,0.0093,0.0367,0.0185
PI329584_C10_R14.czi_ScanRegion13_half_2_patch_3_tile_2_patchsize1152_tile576.png,0.8742,0.0123,0.0949,0.0186
PI329584_C10_R14.czi_ScanRegion13_half_2_patch_3_tile_3_patchsize1152_tile576.png,0.9333,0.0190,0.0283,0.0194
PI329584_C10_R14.czi_ScanRegion13_half_2_patch_3_tile_4_patchsize1152_tile576.png,0.9211,0.0131,0.0405,0.0254
PI329584_C10_R14.czi_ScanRegion13_half_2_patch_4_tile_3_patchsize1152_tile576.png,0.9285,0.0182,0.0355,0.0179
PI329584_C10_R14.czi_ScanRegion13_half_2_patch_4_tile_4_patchsize1152_tile576.png,0.9365,0.0155,0.0326,0.0153
PI329584_C10_R14.czi_ScanRegion13_half_2_patch_5_tile_2_patchsize1152_tile576.png,0.9122,0.0236,0.0431,0.0211
PI329584_C10_R14.czi_ScanRegion13_half_2_patch_5_tile_3_patchsize1152_tile576.png,0.9426,0.0104,0.0313,0.0157
PI329584_C10_R14.czi_ScanRegion13_half_2_patch_6_tile_3_patchsize1152_tile576.png,0.7541,0.0876,0.1423,0.0161
PI329584_C10_R14.czi_ScanRegion13_half_2_patch_6_tile_4_patchsize1152_tile576.png,0.9249,0.0186,0.0385,0.0180
PI329584_C10_R14.czi_ScanRegion13_half_2_patch_7_tile_1_patchsize1152_tile576.png,0.3098,0.1819,0.4712,0.0372
PI329584_C10_R14.czi_ScanRegion13_half_2_patch_7_tile_3_patchsize1152_tile576.png,0.9270,0.0223,0.0315,0.0192
PI329584_C10_R14.czi_ScanRegion13_half_2_patch_7_tile_4_patchsize1152_tile576.png,0.8357,0.0640,0.0820,0.0183
PI329584_C10_R14.czi_ScanRegion13_half_2_patch_9_tile_3_patchsize1152_tile576.png,0.9515,0.0073,0.0241,0.0172
PI329584_C10_R14.czi_ScanRegion14_half_2_patch_2_tile_1_patchsize1152_tile576.png,0.0947,0.1273,0.1121,0.6659
PI329584_C10_R14.czi_ScanRegion14_half_2_patch_2_tile_2_patchsize1152_tile576.png,0.1046,0.2609,0.2121,0.4224
PI329584_C10_R14.czi_ScanRegion14_half_2_patch_3_tile_3_patchsize1152_tile576.png,0.1103,0.3429,0.2801,0.2668
PI329584_C10_R14.czi_ScanRegion14_half_2_patch_3_tile_4_patchsize1152_tile576.png,0.1541,0.4865,0.2278,0.1317
PI329584_C10_R14.czi_ScanRegion14_half_2_patch_4_tile_3_patchsize1152_tile576.png,0.3788,0.5038,0.0788,0.0386
PI329584_C10_R14.czi_ScanRegion14_half_2_patch_9_tile_2_patchsize1152_tile576.png,0.3102,0.5656,0.0694,0.0549
PI329584_C10_R14.czi_ScanRegion17_half_1_patch_10_tile_1_patchsize1152_tile576.png,0.1520,0.6465,0.1023,0.0992
PI329584_C10_R14.czi_ScanRegion17_half_1_patch_10_tile_3_patchsize1152_tile576.png,0.2887,0.0803,0.5790,0.0520
PI329584_C10_R14.czi_ScanRegion17_half_1_patch_10_tile_4_patchsize1152_tile576.png,0.3941,0.4708,0.0723,0.0628
PI329584_C10_R14.czi_ScanRegion17_half_1_patch_11_tile_1_patchsize1152_tile576.png,0.1721,0.6660,0.1015,0.0604
PI329584_C10_R14.czi_ScanRegion17_half_1_patch_5_tile_3_patchsize1152_tile576.png,0.8867,0.0513,0.0402,0.0217
PI329584_C10_R14.czi_ScanRegion17_half_1_patch_8_tile_2_patchsize1152_tile576.png,0.1478,0.6314,0.1209,0.1000
PI329584_C10_R14.czi_ScanRegion17_half_1_patch_8_tile_4_patchsize1152_tile576.png,0.3033,0.4153,0.2162,0.0652
PI329584_C10_R14.czi_ScanRegion17_half_1_patch_9_tile_1_patchsize1152_tile576.png,0.1169,0.0193,0.8291,0.0347
PI329584_C10_R14.czi_ScanRegion17_half_1_patch_9_tile_2_patchsize1152_tile576.png,0.7968,0.0222,0.1367,0.0443
PI329584_C10_R14.czi_ScanRegion17_half_1_patch_9_tile_4_patchsize1152_tile576.png,0.0985,0.7357,0.1169,0.0489
PI329584_C10_R14.czi_ScanRegion17_half_2_patch_10_tile_3_patchsize1152_tile576.png,0.1288,0.7196,0.0691,0.0825
PI329584_C10_R14.czi_ScanRegion17_half_2_patch_1_tile_2_patchsize1152_tile576.png,0.1045,0.0899,0.6827,0.1229
PI329584_C10_R14.czi_ScanRegion17_half_2_patch_2_tile_1_patchsize1152_tile576.png,0.0991,0.0498,0.2830,0.5682
PI329584_C10_R14.czi_ScanRegion17_half_2_patch_2_tile_2_patchsize1152_tile576.png,0.1155,0.0278,0.0841,0.7727
PI329584_C10_R14.czi_ScanRegion17_half_2_patch_3_tile_1_patchsize1152_tile576.png,0.1051,0.0236,0.6100,0.2612
PI329584_C10_R14.czi_ScanRegion17_half_2_patch_3_tile_2_patchsize1152_tile576.png,0.2015,0.0488,0.5875,0.1622
PI329584_C10_R14.czi_ScanRegion17_half_2_patch_3_tile_3_patchsize1152_tile576.png,0.3443,0.0931,0.0349,0.5277
PI329584_C10_R14.czi_ScanRegion17_half_2_patch_3_tile_4_patchsize1152_tile576.png,0.8211,0.0191,0.0457,0.1140
PI329584_C10_R14.czi_ScanRegion17_half_2_patch_4_tile_1_patchsize1152_tile576.png,0.6645,0.0263,0.2870,0.0222
PI329584_C10_R14.czi_ScanRegion17_half_2_patch_4_tile_2_patchsize1152_tile576.png,0.8907,0.0135,0.0660,0.0298
PI329584_C10_R14.czi_ScanRegion17_half_2_patch_4_tile_3_patchsize1152_tile576.png,0.9100,0.0289,0.0305,0.0306
PI329584_C10_R14.czi_ScanRegion17_half_2_patch_4_tile_4_patchsize1152_tile576.png,0.3913,0.4613,0.0655,0.0819
PI329584_C10_R14.czi_ScanRegion17_half_2_patch_5_tile_1_patchsize1152_tile576.png,0.6045,0.0411,0.2281,0.1262
PI329584_C10_R14.czi_ScanRegion17_half_2_patch_5_tile_2_patchsize1152_tile576.png,0.5116,0.0616,0.3262,0.1006
PI329584_C10_R14.czi_ScanRegion17_half_2_patch_5_tile_3_patchsize1152_tile576.png,0.8912,0.0363,0.0360,0.0365
PI329584_C10_R14.czi_ScanRegion17_half_2_patch_6_tile_1_patchsize1152_tile576.png,0.3705,0.0452,0.0434,0.5408
PI329584_C10_R14.czi_ScanRegion17_half_2_patch_6_tile_2_patchsize1152_tile576.png,0.1611,0.1043,0.1586,0.5760
PI329584_C10_R14.czi_ScanRegion17_half_2_patch_6_tile_3_patchsize1152_tile576.png,0.8273,0.0290,0.0408,0.1030
PI329584_C10_R14.czi_ScanRegion17_half_2_patch_6_tile_4_patchsize1152_tile576.png,0.1403,0.6485,0.0802,0.1309
PI329584_C10_R14.czi_ScanRegion17_half_2_patch_7_tile_1_patchsize1152_tile576.png,0.6908,0.0186,0.2254,0.0652
PI329584_C10_R14.czi_ScanRegion17_half_2_patch_7_tile_2_patchsize1152_tile576.png,0.7733,0.0390,0.1637,0.0240
PI329584_C10_R14.czi_ScanRegion17_half_2_patch_7_tile_3_patchsize1152_tile576.png,0.1818,0.6769,0.0736,0.0677
PI329584_C10_R14.czi_ScanRegion17_half_2_patch_8_tile_1_patchsize1152_tile576.png,0.5021,0.0710,0.3959,0.0310
PI329584_C10_R14.czi_ScanRegion17_half_2_patch_8_tile_2_patchsize1152_tile576.png,0.4434,0.0661,0.4279,0.0626
PI329584_C10_R14.czi_ScanRegion17_half_2_patch_9_tile_1_patchsize1152_tile576.png,0.3946,0.0536,0.4727,0.0792
PI329584_C10_R14.czi_ScanRegion17_half_2_patch_9_tile_2_patchsize1152_tile576.png,0.0897,0.0351,0.5666,0.3086
PI329584_C10_R14.czi_ScanRegion17_half_2_patch_9_tile_4_patchsize1152_tile576.png,0.3345,0.3542,0.2721,0.0392
PI329584_C10_R14.czi_ScanRegion18_half_1_patch_5_tile_1_patchsize1152_tile576.png,0.2635,0.2590,0.4268,0.0507
PI329584_C10_R14.czi_ScanRegion18_half_1_patch_5_tile_3_patchsize1152_tile576.png,0.1408,0.7005,0.1002,0.0585
PI329584_C10_R14.czi_ScanRegion18_half_1_patch_9_tile_3_patchsize1152_tile576.png,0.1987,0.6616,0.0572,0.0825
PI329584_C10_R14.czi_ScanRegion18_half_2_patch_4_tile_3_patchsize1152_tile576.png,0.7888,0.0579,0.1007,0.0526
PI329584_C10_R14.czi_ScanRegion18_half_2_patch_5_tile_4_patchsize1152_tile576.png,0.8793,0.0372,0.0664,0.0171
PI329584_C10_R14.czi_ScanRegion18_half_2_patch_6_tile_2_patchsize1152_tile576.png,0.1513,0.6988,0.0842,0.0658
PI329584_C10_R14.czi_ScanRegion18_half_2_patch_6_tile_3_patchsize1152_tile576.png,0.1988,0.6502,0.1028,0.0482
PI329584_C10_R14.czi_ScanRegion18_half_2_patch_6_tile_4_patchsize1152_tile576.png,0.0997,0.0331,0.8164,0.0508
PI329584_C10_R14.czi_ScanRegion18_half_2_patch_7_tile_1_patchsize1152_tile576.png,0.1243,0.7234,0.0869,0.0653
PI329584_C10_R14.czi_ScanRegion18_half_2_patch_7_tile_3_patchsize1152_tile576.png,0.1983,0.3731,0.3669,0.0617
PI329584_C10_R14.czi_ScanRegion1_half_1_patch_4_tile_3_patchsize1152_tile576.png,0.6316,0.2765,0.0408,0.0511
PI329584_C10_R14.czi_ScanRegion1_half_1_patch_4_tile_4_patchsize1152_tile576.png,0.9443,0.0123,0.0238,0.0196
PI329584_C10_R14.czi_ScanRegion1_half_1_patch_5_tile_4_patchsize1152_tile576.png,0.8713,0.0465,0.0637,0.0185
PI329584_C10_R14.czi_ScanRegion20_half_2_patch_6_tile_3_patchsize1152_tile576.png,0.1575,0.1970,0.5467,0.0989
PI329584_C10_R14.czi_ScanRegion20_half_2_patch_6_tile_4_patchsize1152_tile576.png,0.4490,0.1037,0.4046,0.0427
PI329584_C10_R14.czi_ScanRegion21_half_1_patch_1_tile_2_patchsize1152_tile576.png,0.1370,0.2590,0.2531,0.3509
PI329584_C10_R14.czi_ScanRegion21_half_1_patch_2_tile_1_patchsize1152_tile576.png,0.1069,0.0387,0.1489,0.7054
PI329584_C10_R14.czi_ScanRegion21_half_1_patch_2_tile_3_patchsize1152_tile576.png,0.3261,0.5530,0.0489,0.0720
PI329584_C10_R14.czi_ScanRegion21_half_1_patch_3_tile_1_patchsize1152_tile576.png,0.9044,0.0381,0.0276,0.0299
PI329584_C10_R14.czi_ScanRegion21_half_1_patch_3_tile_3_patchsize1152_tile576.png,0.9438,0.0116,0.0224,0.0223
PI329584_C10_R14.czi_ScanRegion21_half_2_patch_2_tile_4_patchsize1152_tile576.png,0.1514,0.6682,0.0638,0.1166
PI329584_C10_R14.czi_ScanRegion21_half_2_patch_4_tile_3_patchsize1152_tile576.png,0.9379,0.0080,0.0351,0.0190
PI329584_C10_R14.czi_ScanRegion21_half_2_patch_4_tile_4_patchsize1152_tile576.png,0.9341,0.0083,0.0418,0.0158
PI329584_C10_R14.czi_ScanRegion21_half_2_patch_5_tile_3_patchsize1152_tile576.png,0.9290,0.0172,0.0334,0.0204
PI329584_C10_R14.czi_ScanRegion21_half_2_patch_6_tile_3_patchsize1152_tile576.png,0.9015,0.0229,0.0450,0.0306
PI329584_C10_R14.czi_ScanRegion21_half_2_patch_6_tile_4_patchsize1152_tile576.png,0.4713,0.3786,0.0417,0.1084
PI329584_C10_R14.czi_ScanRegion21_half_2_patch_8_tile_4_patchsize1152_tile576.png,0.9309,0.0198,0.0300,0.0193
PI329584_C10_R14.czi_ScanRegion22_half_1_patch_6_tile_3_patchsize1152_tile576.png,0.2393,0.6400,0.0636,0.0571
PI329584_C10_R14.czi_ScanRegion22_half_1_patch_6_tile_4_patchsize1152_tile576.png,0.3405,0.1559,0.4251,0.0785
PI329584_C10_R14.czi_ScanRegion23_half_1_patch_3_tile_4_patchsize1152_tile576.png,0.6277,0.1611,0.1890,0.0222
PI329584_C10_R14.czi_ScanRegion23_half_2_patch_5_tile_4_patchsize1152_tile576.png,0.7448,0.0854,0.1509,0.0189
PI329584_C10_R14.czi_ScanRegion23_half_2_patch_6_tile_2_patchsize1152_tile576.png,0.2187,0.6578,0.0563,0.0672
PI329584_C10_R14.czi_ScanRegion25_half_1_patch_7_tile_1_patchsize1152_tile576.png,0.1099,0.2068,0.1824,0.5009
PI329584_C10_R14.czi_ScanRegion25_half_1_patch_7_tile_2_patchsize1152_tile576.png,0.1125,0.5941,0.0779,0.2155
PI329584_C10_R14.czi_ScanRegion25_half_1_patch_8_tile_1_patchsize1152_tile576.png,0.1187,0.6931,0.0741,0.1141
PI329584_C10_R14.czi_ScanRegion25_half_1_patch_8_tile_4_patchsize1152_tile576.png,0.1603,0.5448,0.1878,0.1071
PI329584_C10_R14.czi_ScanRegion25_half_2_patch_2_tile_2_patchsize1152_tile576.png,0.2946,0.5611,0.0935,0.0507
PI329584_C10_R14.czi_ScanRegion25_half_2_patch_3_tile_1_patchsize1152_tile576.png,0.3479,0.0707,0.5238,0.0577
PI329584_C10_R14.czi_ScanRegion25_half_2_patch_3_tile_2_patchsize1152_tile576.png,0.9028,0.0284,0.0443,0.0244
PI329584_C10_R14.czi_ScanRegion25_half_2_patch_3_tile_4_patchsize1152_tile576.png,0.1297,0.0401,0.7900,0.0401
PI329584_C10_R14.czi_ScanRegion25_half_2_patch_4_tile_3_patchsize1152_tile576.png,0.5660,0.3029,0.0713,0.0598
PI329584_C10_R14.czi_ScanRegion25_half_2_patch_4_tile_4_patchsize1152_tile576.png,0.5458,0.2595,0.1264,0.0683
PI329584_C10_R14.czi_ScanRegion25_half_2_patch_5_tile_3_patchsize1152_tile576.png,0.2135,0.3605,0.2518,0.1742
PI329584_C10_R14.czi_ScanRegion25_half_2_patch_5_tile_4_patchsize1152_tile576.png,0.5332,0.2403,0.1666,0.0599
PI329584_C10_R14.czi_ScanRegion25_half_2_patch_6_tile_3_patchsize1152_tile576.png,0.7112,0.0385,0.2151,0.0353
PI329584_C10_R14.czi_ScanRegion25_half_2_patch_6_tile_4_patchsize1152_tile576.png,0.1350,0.0415,0.7652,0.0583
PI329584_C10_R14.czi_ScanRegion25_half_2_patch_7_tile_3_patchsize1152_tile576.png,0.9159,0.0197,0.0449,0.0194
PI329584_C10_R14.czi_ScanRegion25_half_2_patch_7_tile_4_patchsize1152_tile576.png,0.9194,0.0197,0.0402,0.0207
PI329584_C10_R14.czi_ScanRegion25_half_2_patch_8_tile_3_patchsize1152_tile576.png,0.1238,0.0758,0.6906,0.1097
PI329584_C10_R14.czi_ScanRegion25_half_2_patch_8_tile_4_patchsize1152_tile576.png,0.1770,0.6608,0.1057,0.0565
PI329584_C10_R14.czi_ScanRegion2_half_1_patch_5_tile_4_patchsize1152_tile576.png,0.4774,0.0529,0.2855,0.1841
PI329584_C10_R14.czi_ScanRegion2_half_1_patch_6_tile_1_patchsize1152_tile576.png,0.1325,0.2978,0.4344,0.1353
PI329584_C10_R14.czi_ScanRegion2_half_1_patch_6_tile_2_patchsize1152_tile576.png,0.3287,0.2510,0.3549,0.0655
PI329584_C10_R14.czi_ScanRegion2_half_1_patch_7_tile_1_patchsize1152_tile576.png,0.1840,0.0353,0.7370,0.0437
PI329584_C10_R14.czi_ScanRegion2_half_1_patch_7_tile_2_patchsize1152_tile576.png,0.5295,0.0602,0.3682,0.0422
PI329584_C10_R14.czi_ScanRegion2_half_2_patch_3_tile_1_patchsize1152_tile576.png,0.7393,0.1774,0.0421,0.0412
PI329584_C10_R14.czi_ScanRegion2_half_2_patch_3_tile_3_patchsize1152_tile576.png,0.2297,0.4469,0.2700,0.0535
PI329584_C10_R14.czi_ScanRegion2_half_2_patch_5_tile_4_patchsize1152_tile576.png,0.1576,0.5881,0.1529,0.1015
PI329584_C10_R14.czi_ScanRegion3_half_1_patch_2_tile_3_patchsize1152_tile576.png,0.5535,0.0515,0.3120,0.0829
PI329584_C10_R14.czi_ScanRegion3_half_1_patch_2_tile_4_patchsize1152_tile576.png,0.6156,0.1568,0.1865,0.0411
PI329584_C10_R14.czi_ScanRegion3_half_1_patch_4_tile_4_patchsize1152_tile576.png,0.4727,0.4033,0.0488,0.0752
PI329584_C10_R14.czi_ScanRegion3_half_1_patch_6_tile_2_patchsize1152_tile576.png,0.8291,0.0710,0.0347,0.0652
PI329584_C10_R14.czi_ScanRegion3_half_1_patch_7_tile_1_patchsize1152_tile576.png,0.9064,0.0234,0.0350,0.0353
PI329584_C10_R14.czi_ScanRegion3_half_1_patch_7_tile_2_patchsize1152_tile576.png,0.6753,0.2195,0.0425,0.0627
PI329584_C10_R14.czi_ScanRegion3_half_1_patch_7_tile_4_patchsize1152_tile576.png,0.9143,0.0287,0.0293,0.0278
PI329584_C10_R14.czi_ScanRegion3_half_1_patch_8_tile_1_patchsize1152_tile576.png,0.9175,0.0228,0.0282,0.0316
PI329584_C10_R14.czi_ScanRegion3_half_2_patch_2_tile_3_patchsize1152_tile576.png,0.1672,0.7069,0.0669,0.0590
PI329584_C10_R14.czi_ScanRegion3_half_2_patch_3_tile_2_patchsize1152_tile576.png,0.1064,0.7184,0.0923,0.0829
PI329584_C10_R14.czi_ScanRegion3_half_2_patch_4_tile_1_patchsize1152_tile576.png,0.1076,0.7198,0.0845,0.0882
PI329584_C10_R14.czi_ScanRegion3_half_2_patch_4_tile_4_patchsize1152_tile576.png,0.5033,0.1635,0.0944,0.2388
PI329584_C10_R14.czi_ScanRegion3_half_2_patch_5_tile_3_patchsize1152_tile576.png,0.3755,0.0858,0.4943,0.0444
PI329584_C10_R14.czi_ScanRegion3_half_2_patch_6_tile_1_patchsize1152_tile576.png,0.8509,0.0658,0.0289,0.0543
PI329584_C10_R14.czi_ScanRegion3_half_2_patch_6_tile_2_patchsize1152_tile576.png,0.1678,0.0266,0.6629,0.1426
PI329584_C10_R14.czi_ScanRegion3_half_2_patch_6_tile_4_patchsize1152_tile576.png,0.2776,0.1741,0.4611,0.0872
PI329584_C10_R14.czi_ScanRegion3_half_2_patch_7_tile_1_patchsize1152_tile576.png,0.1903,0.0342,0.3248,0.4506
PI329584_C10_R14.czi_ScanRegion3_half_2_patch_7_tile_2_patchsize1152_tile576.png,0.1444,0.0378,0.7271,0.0908
PI329584_C10_R14.czi_ScanRegion3_half_2_patch_7_tile_4_patchsize1152_tile576.png,0.1353,0.0227,0.7494,0.0926
PI329584_C10_R14.czi_ScanRegion3_half_2_patch_8_tile_4_patchsize1152_tile576.png,0.4947,0.2853,0.1742,0.0458
PI329584_C10_R14.czi_ScanRegion5_half_1_patch_1_tile_2_patchsize1152_tile576.png,0.7919,0.1093,0.0491,0.0497
PI329584_C10_R14.czi_ScanRegion5_half_1_patch_5_tile_4_patchsize1152_tile576.png,0.1330,0.7343,0.0769,0.0557
PI329584_C10_R14.czi_ScanRegion5_half_1_patch_6_tile_3_patchsize1152_tile576.png,0.1486,0.6952,0.0799,0.0762
PI329584_C10_R14.czi_ScanRegion5_half_1_patch_6_tile_4_patchsize1152_tile576.png,0.3900,0.4132,0.1301,0.0667
PI329584_C10_R14.czi_ScanRegion5_half_1_patch_7_tile_3_patchsize1152_tile576.png,0.1616,0.1518,0.5811,0.1054
PI329584_C10_R14.czi_ScanRegion5_half_1_patch_7_tile_4_patchsize1152_tile576.png,0.2405,0.1458,0.5634,0.0504
PI329584_C10_R14.czi_ScanRegion5_half_2_patch_3_tile_3_patchsize1152_tile576.png,0.8309,0.0601,0.0917,0.0173
PI329584_C10_R14.czi_ScanRegion5_half_2_patch_4_tile_3_patchsize1152_tile576.png,0.2908,0.5622,0.0932,0.0538
PI329584_C10_R14.czi_ScanRegion5_half_2_patch_6_tile_2_patchsize1152_tile576.png,0.3120,0.5220,0.0888,0.0773
PI329584_C10_R14.czi_ScanRegion5_half_2_patch_6_tile_3_patchsize1152_tile576.png,0.1915,0.1324,0.5049,0.1712
PI329584_C10_R14.czi_ScanRegion5_half_2_patch_7_tile_4_patchsize1152_tile576.png,0.9025,0.0273,0.0432,0.0270
PI329584_C10_R14.czi_ScanRegion5_half_2_patch_8_tile_1_patchsize1152_tile576.png,0.4082,0.3143,0.1508,0.1267
PI329584_C10_R14.czi_ScanRegion5_half_2_patch_8_tile_3_patchsize1152_tile576.png,0.1547,0.7015,0.0773,0.0664
PI329584_C10_R14.czi_ScanRegion6_half_1_patch_2_tile_2_patchsize1152_tile576.png,0.5579,0.2317,0.0338,0.1765
PI329584_C10_R14.czi_ScanRegion6_half_1_patch_3_tile_1_patchsize1152_tile576.png,0.3027,0.4175,0.0525,0.2274
PI329584_C10_R14.czi_ScanRegion6_half_1_patch_3_tile_4_patchsize1152_tile576.png,0.2421,0.5999,0.0450,0.1130
PI329584_C10_R14.czi_ScanRegion6_half_1_patch_4_tile_3_patchsize1152_tile576.png,0.8336,0.0426,0.0809,0.0428
PI329584_C10_R14.czi_ScanRegion6_half_1_patch_4_tile_4_patchsize1152_tile576.png,0.5465,0.1714,0.1343,0.1478
PI329584_C10_R14.czi_ScanRegion7_half_1_patch_5_tile_3_patchsize1152_tile576.png,0.3454,0.5336,0.0652,0.0558
PI329584_C10_R14.czi_ScanRegion7_half_2_patch_7_tile_4_patchsize1152_tile576.png,0.1418,0.7208,0.0644,0.0729
PI329584_C10_R14.czi_ScanRegion8_half_1_patch_3_tile_3_patchsize1152_tile576.png,0.4970,0.1536,0.2976,0.0518
PI329584_C10_R14.czi_ScanRegion8_half_1_patch_3_tile_4_patchsize1152_tile576.png,0.2680,0.0265,0.6166,0.0889
PI329584_C10_R14.czi_ScanRegion8_half_1_patch_4_tile_4_patchsize1152_tile576.png,0.1493,0.5116,0.2418,0.0974
PI329584_C10_R14.czi_ScanRegion8_half_1_patch_6_tile_1_patchsize1152_tile576.png,0.2283,0.6425,0.0696,0.0596
PI329584_C10_R14.czi_ScanRegion8_half_1_patch_6_tile_4_patchsize1152_tile576.png,0.2681,0.2096,0.4887,0.0336
PI329584_C10_R14.czi_ScanRegion8_half_1_patch_7_tile_3_patchsize1152_tile576.png,0.3621,0.2991,0.2838,0.0551
PI329584_C10_R14.czi_ScanRegion8_half_1_patch_8_tile_4_patchsize1152_tile576.png,0.9413,0.0096,0.0339,0.0152
PI329584_C10_R14.czi_ScanRegion8_half_2_patch_5_tile_1_patchsize1152_tile576.png,0.1300,0.6545,0.1244,0.0911
PI329584_C10_R14.czi_ScanRegion8_half_2_patch_5_tile_3_patchsize1152_tile576.png,0.1934,0.0314,0.7074,0.0678
PI329584_C10_R14.czi_ScanRegion8_half_2_patch_5_tile_4_patchsize1152_tile576.png,0.2628,0.5815,0.0801,0.0757
PI329584_C10_R14.czi_ScanRegion8_half_2_patch_6_tile_3_patchsize1152_tile576.png,0.2063,0.1577,0.5630,0.0730
PI329584_C10_R14.czi_ScanRegion8_half_2_patch_8_tile_3_patchsize1152_tile576.png,0.8719,0.0199,0.0830,0.0251
PI329584_C10_R14.czi_ScanRegion8_half_2_patch_8_tile_4_patchsize1152_tile576.png,0.8584,0.0142,0.1067,0.0207
PI329584_C10_R14.czi_ScanRegion9_half_1_patch_5_tile_3_patchsize1152_tile576.png,0.1390,0.3691,0.2721,0.2198
PI329584_C10_R14.czi_ScanRegion9_half_1_patch_5_tile_4_patchsize1152_tile576.png,0.1030,0.0434,0.7651,0.0885
PI329584_C10_R14.czi_ScanRegion9_half_1_patch_6_tile_4_patchsize1152_tile576.png,0.5444,0.0305,0.3780,0.0471
PI329618_C04_R11.czi_ScanRegion0_half_2_patch_6_tile_4_patchsize1152_tile576.png,0.1555,0.7125,0.0664,0.0656
PI329618_C04_R11.czi_ScanRegion10_half_1_patch_2_tile_4_patchsize1152_tile576.png,0.1176,0.7142,0.0966,0.0716
PI329618_C04_R11.czi_ScanRegion10_half_1_patch_6_tile_4_patchsize1152_tile576.png,0.1679,0.7046,0.0727,0.0547
PI329618_C04_R11.czi_ScanRegion10_half_2_patch_4_tile_1_patchsize1152_tile576.png,0.9345,0.0163,0.0277,0.0215
PI329618_C04_R11.czi_ScanRegion10_half_2_patch_4_tile_3_patchsize1152_tile576.png,0.4615,0.2686,0.2123,0.0576
PI329618_C04_R11.czi_ScanRegion10_half_2_patch_6_tile_3_patchsize1152_tile576.png,0.8246,0.0682,0.0897,0.0175
PI329618_C04_R11.czi_ScanRegion11_half_1_patch_2_tile_2_patchsize1152_tile576.png,0.2015,0.6059,0.0816,0.1110
PI329618_C04_R11.czi_ScanRegion11_half_1_patch_3_tile_2_patchsize1152_tile576.png,0.2229,0.6309,0.0759,0.0703
PI329618_C04_R11.czi_ScanRegion11_half_1_patch_3_tile_4_patchsize1152_tile576.png,0.4957,0.1721,0.2781,0.0541
PI329618_C04_R11.czi_ScanRegion11_half_1_patch_5_tile_4_patchsize1152_tile576.png,0.1335,0.7383,0.0750,0.0532
PI329618_C04_R11.czi_ScanRegion11_half_2_patch_1_tile_2_patchsize1152_tile576.png,0.1109,0.7049,0.0855,0.0987
PI329618_C04_R11.czi_ScanRegion11_half_2_patch_4_tile_4_patchsize1152_tile576.png,0.1500,0.6121,0.1582,0.0796
PI329618_C04_R11.czi_ScanRegion12_half_1_patch_2_tile_2_patchsize1152_tile576.png,0.1022,0.7523,0.0708,0.0748
PI329618_C04_R11.czi_ScanRegion12_half_1_patch_3_tile_2_patchsize1152_tile576.png,0.1157,0.7333,0.0721,0.0789
PI329618_C04_R11.czi_ScanRegion12_half_1_patch_4_tile_4_patchsize1152_tile576.png,0.0808,0.7988,0.0636,0.0568
PI329618_C04_R11.czi_ScanRegion12_half_1_patch_5_tile_2_patchsize1152_tile576.png,0.1359,0.7141,0.0813,0.0687
PI329618_C04_R11.czi_ScanRegion12_half_1_patch_6_tile_1_patchsize1152_tile576.png,0.2433,0.6358,0.0461,0.0749
PI329618_C04_R11.czi_ScanRegion12_half_1_patch_6_tile_4_patchsize1152_tile576.png,0.7547,0.1098,0.1178,0.0177
PI329618_C04_R11.czi_ScanRegion12_half_2_patch_5_tile_1_patchsize1152_tile576.png,0.1132,0.7284,0.0622,0.0962
PI329618_C04_R11.czi_ScanRegion13_half_2_patch_2_tile_4_patchsize1152_tile576.png,0.9186,0.0158,0.0458,0.0198
PI329618_C04_R11.czi_ScanRegion14_half_1_patch_2_tile_4_patchsize1152_tile576.png,0.0876,0.7852,0.0656,0.0616
PI329618_C04_R11.czi_ScanRegion14_half_1_patch_3_tile_3_patchsize1152_tile576.png,0.0964,0.7625,0.0695,0.0715
PI329618_C04_R11.czi_ScanRegion14_half_1_patch_4_tile_3_patchsize1152_tile576.png,0.1177,0.7448,0.0673,0.0701
